.Random.seed <-
c(10403L, 10L, -542687582L, 580513172L, -1304497129L, 335057933L, 
1656422692L, 217574666L, 862456949L, 921659343L, -627070762L, 
-1487181696L, -1726368061L, -1446518687L, -585076528L, -1214207442L, 
-1213391911L, -1270553621L, 1802584666L, 1197724700L, 1215271199L, 
-758226571L, -1148674036L, -1423881758L, 1488679613L, -678212297L, 
1530466782L, 1942222616L, 319954555L, -1073566695L, 78412968L, 
-570034602L, -1647750447L, 1173971587L, 1414609170L, 1273199780L, 
-237237145L, 972342717L, 1902851892L, 498148506L, -1923953947L, 
-1178905473L, -1256804858L, 1755568528L, -140417997L, 270756817L, 
-443391616L, -162673570L, -1561154647L, -546827685L, -1970198934L, 
1165830924L, 1419828559L, -1494735355L, 1899400380L, 178507154L, 
1805706893L, -1575396153L, 1209137582L, 638624776L, -1326573557L, 
-1928262423L, -90494024L, 1139758182L, 38188289L, -606055533L, 
116667458L, -624120844L, 1782687223L, -437495315L, -1123386748L, 
834133162L, 1757604373L, -1522633041L, -746654538L, 1833640672L, 
1424866851L, -1809956543L, -1730610128L, 1301972558L, 290960057L, 
-655169845L, -24395910L, 1468778108L, 1048658623L, -1941199979L, 
1020543916L, 2063804802L, 1101868893L, -1396473257L, -1226176194L, 
-1703917192L, 1117520475L, 2101609913L, -1338157048L, -1023333706L, 
-206675471L, 2004555811L, 1162819698L, 748391108L, -261481337L, 
748974173L, 2029819476L, -1217178502L, -56664123L, 2019221791L, 
1272565926L, -227102160L, -763877165L, -2043599119L, -494942688L, 
797921470L, 1023276233L, 2143256187L, -1982649270L, -547498836L, 
199938991L, 1769019237L, 421621020L, 524031346L, 1318477293L, 
600502823L, 1445986894L, -269842776L, 1236335787L, -2011398711L, 
533197272L, -2134669178L, 1948956001L, -1563309837L, 2066077538L, 
-1265024556L, 429753559L, 1842382541L, 823012964L, 756853834L, 
-1528706635L, -64580337L, 1667080726L, -280183616L, 441899651L, 
472049313L, -376395632L, 721273710L, -1611502311L, 1664253355L, 
2059525018L, -155495588L, -1179127201L, 1386756661L, -809123380L, 
-1294534366L, 1039219581L, 1226184823L, -1511887458L, -1641397160L, 
-1889369669L, 577935193L, 319476968L, 852794646L, -2111742319L, 
1535136579L, -1148686766L, 810647780L, -504597721L, 1436821373L, 
790284916L, 625341530L, -522900315L, 772724415L, -642749114L, 
2133799888L, 384884211L, 1156446481L, 359974208L, -823769826L, 
-1153310231L, -504409317L, 1182924074L, -592292276L, 1151349263L, 
-1114585787L, 106399484L, 632216914L, -1542008115L, 1376873095L, 
722939246L, -2090768568L, -543562933L, -486176087L, -1931395080L, 
-1388900570L, -632762303L, 1061667283L, -457512062L, -185032780L, 
-121948361L, 45510189L, 389152580L, 645667946L, 1650042581L, 
-1692495761L, -1727671946L, 1554135712L, 201762659L, 1620519937L, 
508983152L, -649740530L, 374864249L, 2023910667L, -220211654L, 
-1883861700L, -576322945L, -205280811L, -906958868L, 665696578L, 
1057375901L, 581931799L, -474684802L, -906964424L, 1500439835L, 
-2031996295L, -1000788280L, -1091492106L, -1352159439L, 2147125091L, 
542719282L, 1748082308L, 1801935559L, 264260848L, 1601476420L, 
167881816L, 182289978L, -1386163984L, 1758078652L, -1628773868L, 
1320381634L, 1522965088L, -887807620L, 1048448208L, -2071762910L, 
1193755816L, -160329332L, 1049645500L, -940876750L, -1574283456L, 
1062179508L, -791397048L, -1012455750L, 860033808L, -1891682068L, 
-392168364L, -1570874606L, -682738272L, 2097534924L, -818044064L, 
-1447088958L, -796753368L, -1778192980L, 584514364L, 24434L, 
-470458576L, 1974727716L, 759132728L, 2082842330L, -2038672496L, 
2087962876L, 254017940L, -712756414L, 576641536L, 1343616060L, 
961124944L, 24671394L, 446617416L, -1647157748L, 1618104028L, 
-1856450478L, 192364672L, 1797974868L, -1664543768L, -1172389126L, 
-2006225072L, 1180921900L, -1894727308L, -1044569454L, -228511136L, 
1725650060L, 1189930336L, -1275598622L, 521646248L, 1410288332L, 
-973130244L, -1734893646L, -1215191056L, -682375740L, -600131240L, 
-1371597446L, 1538012592L, 331004348L, -1506260396L, -1384927806L, 
2140961568L, 1012911036L, -351173552L, -1282142238L, 1068659560L, 
1022674764L, -406443268L, -709018894L, 1960325376L, 2003752052L, 
-320329208L, -510936646L, -1685804592L, 956124140L, -662177900L, 
-1372619566L, 1893410912L, -1534144180L, -1403373792L, 1334499970L, 
957098472L, -313633812L, 1921084988L, 1826712178L, -125096080L, 
1759355172L, 19476024L, 1892859290L, -2136422960L, -449158724L, 
2008478356L, 1758037634L, -1153920576L, -1860120772L, 1725376144L, 
-1800457438L, 1055999496L, 1113986828L, -2116995172L, 19296274L, 
1685013376L, -602018028L, -875411160L, 560066618L, -1199454256L, 
490687084L, -264545228L, 964191378L, -2040107680L, -1650421428L, 
-1328023072L, -748875870L, -1637068888L, -1849514868L, -199965764L, 
-599984014L, -1110834192L, -1003913148L, -126196648L, 584540218L, 
-16523152L, 415167036L, 766434068L, -214262078L, -1416704288L, 
-1138076548L, -1465155376L, 121672610L, 1381220904L, 2067883276L, 
1746725820L, 1453991218L, -1545675584L, -2006028748L, 49755848L, 
77428410L, 485351568L, -1506981140L, -309855660L, 1897356946L, 
1282325280L, -407884852L, 830729440L, 1450707650L, -568430552L, 
695577516L, 498313916L, 2021414386L, 1096386096L, 1729802148L, 
524277176L, 896974682L, -459888496L, 1073818492L, 1333527316L, 
1039995202L, 1675830016L, 1142759356L, -802987184L, 877565218L, 
-403485112L, -1385031668L, 30613596L, -1439241774L, -652834304L, 
-1348320940L, -1852951320L, -1779856134L, -993855792L, 79543596L, 
1710672116L, 2146723218L, -1017530016L, -1430587380L, 1302965984L, 
-1108088222L, 988372648L, -1829988788L, 542006140L, 940913970L, 
1963777648L, -965088444L, 1480152024L, 2006224762L, -1114664400L, 
908110780L, -63307180L, -1372058558L, 1644902560L, 906392252L, 
-1872937520L, 129750882L, -462253336L, -1722166068L, -1130205700L, 
407591410L, 213808768L, -1159051788L, 1055408776L, -2031388870L, 
319029072L, 1205591148L, -1053905516L, 935754834L, 217860576L, 
-1006013236L, -2059452256L, -449672830L, 1593628904L, -1146260756L, 
958510396L, 344423538L, -1914477456L, 1519258660L, -1038786504L, 
1518636663L, -1911847296L, 907298014L, -248170581L, -476030803L, 
-290161382L, -1186735656L, -1042161087L, 1661843699L, 1759688468L, 
612294306L, 1916901303L, 494240641L, 1626780038L, 800523204L, 
281464565L, -88450209L, -1370397256L, -209388394L, 969806499L, 
2128147557L, 775537026L, -830506256L, 1947258521L, -1490316661L, 
-26209412L, -957168214L, 983567839L, -1987339415L, 349756286L, 
480736108L, -735127619L, -747543417L, -535275408L, 1856176910L, 
-1575915461L, -2068717795L, -1640837686L, 1627981544L, 1180748241L, 
1796684739L, -1686178620L, 1084492658L, -1664272825L, 960275985L, 
2130028438L, 665451252L, 795683973L, 529371599L, -1460943672L, 
-1828231834L, 2046711699L, -202532619L, -500731694L, -462618848L, 
122273545L, -354416581L, -702628468L, 101463066L, 450603151L, 
1100480473L, -851533714L, -1208196100L, 261550445L, -1413682409L, 
1682848480L, -1004083010L, 663479947L, 1660263693L, -1448562374L, 
-1776033416L, 763253537L, 1676231635L, -1813869836L, -1784732798L, 
336114199L, 1372995809L, -711438810L, -148650204L, 1874782165L, 
1718427519L, -224933352L, -1896634058L, 7550915L, -776751611L, 
-77417054L, -1874904688L, 458285369L, 1697936875L, 1753126620L, 
-664362230L, -1431261697L, 694400073L, 1178961374L, 761369996L, 
-1706516131L, -352265881L, -1988154736L, 1105765550L, -801008293L, 
-522708675L, 783754154L, 584569928L, -2057274255L, -618546717L, 
1803130084L, 977743890L, 179250151L, 1289046961L, -1843083786L, 
-664745964L, -987412699L, 73687087L, 1484728808L, -1481527610L, 
-1092841613L, -1841715243L, -155328590L, -776377984L, -2017201815L, 
-1910868517L, 905211180L, -1285990598L, 1286121967L, -686863239L, 
1200013070L, -1537033508L, 1767725389L, -1977207625L, 589098560L, 
-490569954L, -506874389L, -753088147L, -762239014L, 1447535000L, 
630067201L, -1936760397L, 1689352404L, -164209182L, -1147172745L, 
1044266433L, -877390010L, 1840710276L, -1592062923L, -761893857L, 
