.Random.seed <-
c(10403L, 10L, -1903343447L, 76909403L, -82339478L, -918057972L, 
-844354481L, 1667136773L, -964985412L, 1024907410L, 677510029L, 
-756335673L, 1311334574L, 515813640L, 124677899L, 823613929L, 
-1155670344L, 876431718L, 1277823489L, -814381933L, -1233920190L, 
-1634348812L, -592802569L, 1820656877L, -1743358076L, 116558250L, 
-1071861995L, 1577364911L, -1087720010L, -2089047072L, -1351638237L, 
205276225L, 1134384944L, -1964124850L, 1699993529L, -161771061L, 
2130678394L, 209311612L, 1166481343L, 128147605L, 1244556972L, 
1341987970L, 474393693L, -531172521L, -1699475906L, -1939324296L, 
-1997754021L, -2021236551L, 1846571272L, -1370782794L, -1339408143L, 
1143617315L, -231943822L, -1873484860L, 1006276487L, -1907034787L, 
783592276L, 1177932154L, -1904649019L, 394706463L, 336697766L, 
-1889477840L, 2089007571L, 646791153L, -1468495584L, 14792638L, 
802576329L, 945158011L, 603598154L, 1133726124L, -736942929L, 
-1902535067L, -2050783716L, -393389966L, 974692077L, -826211545L, 
658415438L, -990275672L, 1854448555L, 823697609L, -66180904L, 
-155937402L, 1724451937L, 1299873267L, -1409155998L, 1872509652L, 
-79066153L, 2069545421L, 1872713060L, -1897914038L, -742111051L, 
268754959L, -1635198698L, -463158336L, -2039394429L, -301859423L, 
-1810783856L, -810390930L, -1346679783L, -991145813L, -2082818918L, 
-1827126180L, -937377441L, 2132009781L, -494819636L, -1047546846L, 
-1476426115L, 709729143L, 777622686L, -1182575784L, 1315952315L, 
897415257L, -610423832L, -855020010L, -442486383L, -63937981L, 
-353443502L, 1989277156L, -1824334809L, 1923655805L, 1971615092L, 
-696747686L, 2040065957L, -271970369L, 202425414L, -460037424L, 
-390402829L, -1215346159L, 1590594624L, -1960435682L, 947306217L, 
1947008027L, 1909822506L, 1565189964L, 407215375L, -714784699L, 
-347280900L, 733079634L, 1056313805L, -375786617L, 1204704878L, 
1675548232L, 408105035L, 1526028713L, 1777030392L, 1609768998L, 
1416261953L, 1197608659L, 750761602L, -1325974348L, 1544750135L, 
-1373673683L, -92937148L, 1785710954L, 1378772437L, 792347503L, 
-2088740234L, -1072915040L, 1289063011L, 1741265665L, -1344220560L, 
952012302L, 211404409L, 1165062667L, -1311675590L, -3370436L, 
1627640191L, -2058224939L, -1175594260L, 1294232642L, 139854749L, 
-170976745L, -48504962L, 2050223416L, -15136229L, 1310380921L, 
-2095127096L, 1319148022L, -516387791L, -1443574173L, -1906421198L, 
854941572L, 969911751L, 1813800093L, -1841044460L, -1570749766L, 
719258373L, 1438202079L, -1833475738L, 1601152240L, -1473171437L, 
-379783759L, -1597763488L, 2109914622L, 1435675017L, -1351565637L, 
-1871660406L, 1001203052L, 275038959L, -389489371L, -319566884L, 
900303282L, 1501784237L, -1081206681L, 1578364814L, -1221609368L, 
82142315L, 2147249673L, -1716064104L, -246522938L, 1313001249L, 
455695283L, 1386828578L, -1744739052L, 1206330775L, 84163981L, 
-474587996L, 820756106L, 1692333301L, 228084559L, 765539414L, 
1176385280L, -1179004349L, 2051369441L, -405934768L, -567376978L, 
774938969L, -2101035157L, -1167724838L, 1994373340L, 1336769106L, 
868241536L, -350827692L, 2007565800L, 1064959738L, 1311009616L, 
29551660L, -1070552716L, -1518881134L, -536957344L, 751756940L, 
-242411680L, 279067362L, 893890728L, 893467852L, -1385209348L, 
-353484878L, 1848502768L, -1558223420L, 232045400L, 1069461370L, 
453563824L, 326899132L, 1143080020L, 1633486786L, 348129056L, 
-132596804L, 1357108816L, 1345636834L, -180857496L, -128086708L, 
-1611926276L, -383509774L, -644201728L, 558616180L, -1981492216L, 
150165946L, -596446256L, 1973437932L, -1762185324L, -2052423982L, 
139373152L, -66175668L, 609845536L, -278217086L, -1675020824L, 
-85142548L, 1883970108L, 1626330738L, 1259596656L, -114290396L, 
-604380616L, -397780582L, -173969968L, 1623211452L, 197870740L, 
856688770L, -1484120640L, -1993801924L, -1339133808L, 281471778L, 
405477896L, 573008140L, -408962660L, 971360786L, -1336270976L, 
1513327380L, 2135740712L, -849799110L, 1385585616L, -991916436L, 
-1629367756L, -1369921902L, -1340158624L, -909317812L, -1112792096L, 
628511138L, 1434605992L, -1352657268L, -1021325892L, 932864626L, 
328895472L, 1130312260L, 1785466968L, 972391482L, -1538755472L, 
-2015710148L, 2017088788L, 1406286530L, 1366750944L, -321336196L, 
72932048L, -469874270L, 687037480L, -2142775540L, 1232821692L, 
-507816142L, 1132388032L, -1575944140L, 1348828872L, 2094500026L, 
1388737168L, -2135023892L, 1538722388L, 2117226130L, -1991324384L, 
-1102445108L, -1688944928L, 897246402L, 120740904L, -2118556756L, 
1540353724L, -1035593742L, 1298229808L, 444662692L, 1444683192L, 
881975130L, -1296785264L, -470749316L, -2068417260L, -487843518L, 
-1733282560L, -666979908L, 1698796880L, -2038472414L, -1653534136L, 
-1412508660L, -1032039844L, 938677714L, -1270133248L, 798849364L, 
-2038039320L, -1430083334L, 457329360L, 392511276L, -1155443468L, 
-1658655342L, -961167008L, 919654412L, -645138208L, 930580066L, 
-971611992L, 555143244L, -157145220L, 192343346L, -711266704L, 
-246577340L, -1625809960L, -636082310L, 125740080L, 1365518268L, 
-1717319084L, 430581826L, 684521120L, -1844645188L, -893100080L, 
824222050L, 1576381160L, 720506060L, -650380804L, 407343602L, 
978905216L, -340042252L, -246551928L, -924383430L, 1689784656L, 
1957113964L, -2024565356L, -812096430L, 61731296L, 635199692L, 
753904288L, 1253468546L, 1692216552L, 377664236L, 43444540L, 
-273439630L, 116731504L, 215549476L, -2089289672L, 427214106L, 
425025744L, -594485956L, -845660268L, 697888642L, 1037696960L, 
1908885052L, 1655994768L, -18213854L, 1370929416L, 185521292L, 
-1595464932L, -638105454L, 1106327936L, 2063137812L, -835825880L, 
-1024100806L, 365617616L, 1388360044L, -527951948L, -1678840302L, 
-1014688800L, -1099541044L, -1504348960L, 749551650L, 87779112L, 
-1486952948L, -710982852L, 1320375282L, -324728080L, -1076843964L, 
-2026535336L, 481142586L, 1054721008L, 210310844L, -132696812L, 
310251714L, -318505888L, 680401276L, 1794959312L, 1331710242L, 
1827503784L, -382063732L, -1492235076L, -642015438L, 2057777728L, 
738329588L, -678285947L, 71803087L, 2101348808L, 991651942L, 
-1047609709L, 969403893L, -1922797614L, -1475769312L, 1032007177L, 
-1832741061L, -726082932L, -36651238L, -660434545L, 501157593L, 
-1373326994L, -1770488580L, 1763554925L, 2017444375L, 1052325856L, 
1230681022L, -1012870773L, 853615117L, -1546101190L, 662722168L, 
-1593721311L, 1094709459L, 882110452L, 20113538L, -357727977L, 
-393201695L, 238412070L, -409960412L, 76489429L, -461664641L, 
-360481000L, -1938936266L, -389652285L, -476455675L, -1558010718L, 
-1618077040L, 1852204601L, 74938091L, 840247260L, 1089301002L, 
161053951L, -1343833783L, 807185118L, 438524044L, -92852131L, 
1323548263L, 1793453968L, -1519967314L, 130632283L, -577124803L, 
-1144964950L, 503318856L, -24822415L, -526812445L, 1573458404L, 
-343909102L, -1182641945L, 212117169L, -1152951050L, -1073430764L, 
-1108584411L, -1681040081L, -1710656792L, 2068975558L, 1755918963L, 
1595258069L, 1764136626L, -286798208L, 375273065L, -536290597L, 
1214522924L, -1553029574L, -199909137L, 608709497L, 799746062L, 
-584151588L, -2138587571L, 2030738871L, -425856192L, 229425694L, 
-1834564373L, -896136083L, 311340250L, 986543256L, -989891839L, 
1784518835L, 1902441428L, 990883554L, 618033015L, 1966240449L, 
145883718L, 584265092L, 192893749L, 1468698911L, 76085368L, 16737622L, 
-1615717405L, 629126565L, 262248514L, 259839536L, -1158779303L, 
-1210964021L, 566474812L, -1956198806L, -312353633L, 1680289065L, 
123230654L, 1863448748L, 675864061L, 643564871L, -304349648L, 
87828302L, -1017455749L, -447480611L, 985238794L, -1683507160L, 
772656273L, -744212349L, 1886878084L, 406357938L, 1841056007L, 
-2118538415L, 100473558L, -1133255756L, -562455611L, -1072710897L, 
-433272440L, -1884468058L, 1696414803L, 1088093621L, -1617792238L, 
-1651040032L, 2084152649L, -1523607685L, -2134298036L, -46449702L, 
-254840369L, -2010454119L, -1197940818L, -193403716L, -1163797203L, 
-1059156265L, 1226168096L, -151986050L, 484468299L, 69336141L, 
